1
1 12 
1 12 29 
1 12 31 
1 18 
1 18 12 
1 18 12 29 
1 18 12 31 
1 18 21 
1 18 21 12 
1 18 29 
1 18 31 
1 21 
1 21 12 
1 29 
1 31 
12
12 14 
12 15 
12 15 335 
12 28 
12 28 15 
12 28 29 
12 28 29 31 
12 28 31 
12 28 31 15 
12 28 335 
12 29 
12 29 15 
12 29 31 
12 29 31 15 
12 29 31 335 
12 29 335 
12 31 
12 31 15 
12 31 335 
12 335 
12 63 
14
15
15 335 
16
16 1 
16 1 12 
16 1 12 31 
16 1 18 
16 1 18 12 
16 1 18 12 31 
16 1 18 21 
16 1 18 21 12 
16 1 18 31 
16 1 21 
16 1 21 12 
16 1 31 
16 12 
16 12 14 
16 12 15 
16 12 15 335 
16 12 28 
16 12 28 15 
16 12 28 29 
16 12 28 29 31 
16 12 28 31 
16 12 28 31 15 
16 12 28 335 
16 12 29 
16 12 29 15 
16 12 29 31 
16 12 29 31 15 
16 12 29 335 
16 12 31 
16 12 31 15 
16 12 31 335 
16 12 335 
16 12 63 
16 14 
16 15 
16 15 335 
16 17 
16 17 1 
16 17 1 12 
16 17 1 12 31 
16 17 1 18 
16 17 1 18 12 
16 17 1 18 12 31 
16 17 1 18 21 
16 17 1 18 21 12 
16 17 1 18 31 
16 17 1 21 
16 17 1 21 12 
16 17 1 31 
16 17 12 
16 17 12 14 
16 17 12 15 
16 17 12 15 335 
16 17 12 28 
16 17 12 28 15 
16 17 12 28 29 
16 17 12 28 29 31 
16 17 12 28 31 
16 17 12 28 31 15 
16 17 12 28 335 
16 17 12 29 
16 17 12 29 15 
16 17 12 29 31 
16 17 12 29 31 15 
16 17 12 29 335 
16 17 12 31 
16 17 12 31 15 
16 17 12 31 335 
16 17 12 335 
16 17 12 63 
16 17 14 
16 17 15 
16 17 15 335 
16 17 18 
16 17 18 12 
16 17 18 12 14 
16 17 18 12 15 
16 17 18 12 15 335 
16 17 18 12 28 
16 17 18 12 28 15 
16 17 18 12 28 29 
16 17 18 12 28 29 31 
16 17 18 12 28 31 
16 17 18 12 28 335 
16 17 18 12 29 
16 17 18 12 29 15 
16 17 18 12 29 31 
16 17 18 12 29 31 15 
16 17 18 12 29 335 
16 17 18 12 31 
16 17 18 12 31 15 
16 17 18 12 31 335 
16 17 18 12 335 
16 17 18 12 63 
16 17 18 14 
16 17 18 15 
16 17 18 15 335 
16 17 18 21 
16 17 18 21 12 
16 17 18 21 12 15 
16 17 18 21 12 28 
16 17 18 21 12 28 31 
16 17 18 21 12 29 
16 17 18 21 12 29 31 
16 17 18 21 12 31 
16 17 18 21 12 31 15 
16 17 18 21 12 31 335 
16 17 18 21 12 335 
16 17 18 21 15 
16 17 18 21 24 
16 17 18 21 24 12 
16 17 18 21 24 12 29 
16 17 18 21 24 12 31 
16 17 18 21 24 27 
16 17 18 21 24 27 12 
16 17 18 21 24 29 
16 17 18 21 24 31 
16 17 18 21 25 
16 17 18 21 25 12 
16 17 18 21 27 
16 17 18 21 27 12 
16 17 18 21 27 12 15 
16 17 18 21 27 12 29 
16 17 18 21 27 12 29 31 
16 17 18 21 27 12 31 
16 17 18 21 27 15 
16 17 18 21 27 29 
16 17 18 21 27 29 31 
16 17 18 21 27 31 
16 17 18 21 27 43 
16 17 18 21 27 43 12 
16 17 18 21 27 43 12 31 
16 17 18 21 27 43 31 
16 17 18 21 28 
16 17 18 21 28 31 
16 17 18 21 29 
16 17 18 21 29 31 
16 17 18 21 31 
16 17 18 21 31 15 
16 17 18 21 31 335 
16 17 18 21 335 
16 17 18 21 41 
16 17 18 21 41 12 
16 17 18 21 41 12 31 
16 17 18 21 41 31 
16 17 18 21 43 
16 17 18 21 43 12 
16 17 18 21 43 12 29 
16 17 18 21 43 12 29 31 
16 17 18 21 43 12 31 
16 17 18 21 43 29 
16 17 18 21 43 29 31 
16 17 18 21 43 31 
16 17 18 21 437 
16 17 18 21 437 12 
16 17 18 21 437 12 31 
16 17 18 21 437 31 
16 17 18 21 441 
16 17 18 21 441 12 
16 17 18 21 441 12 29 
16 17 18 21 441 12 31 
16 17 18 21 441 12 335 
16 17 18 21 441 27 
16 17 18 21 441 27 12 
16 17 18 21 441 29 
16 17 18 21 441 31 
16 17 18 21 441 335 
16 17 18 21 59 
16 17 18 21 59 12 
16 17 18 21 59 12 31 
16 17 18 21 59 31 
16 17 18 21 8 
16 17 18 21 8 12 
16 17 18 22 
16 17 18 22 12 
16 17 18 22 12 31 
16 17 18 22 31 
16 17 18 24 
16 17 18 24 12 
16 17 18 24 12 15 
16 17 18 24 12 28 
16 17 18 24 12 29 
16 17 18 24 12 29 31 
16 17 18 24 12 31 
16 17 18 24 15 
16 17 18 24 27 
16 17 18 24 27 12 
16 17 18 24 27 12 31 
16 17 18 24 27 31 
16 17 18 24 28 
16 17 18 24 29 
16 17 18 24 29 31 
16 17 18 24 31 
16 17 18 24 41 
16 17 18 24 41 12 
16 17 18 24 43 
16 17 18 24 43 12 
16 17 18 24 43 12 31 
16 17 18 24 43 31 
16 17 18 24 441 
16 17 18 24 441 12 
16 17 18 24 441 12 31 
16 17 18 24 441 31 
16 17 18 24 8 
16 17 18 24 8 12 
16 17 18 24 8 12 29 
16 17 18 24 8 12 31 
16 17 18 24 8 29 
16 17 18 24 8 31 
16 17 18 25 
16 17 18 25 12 
16 17 18 25 12 29 
16 17 18 25 12 31 
16 17 18 25 29 
16 17 18 25 31 
16 17 18 25 43 
16 17 18 25 43 12 
16 17 18 27 
16 17 18 27 12 
16 17 18 27 12 15 
16 17 18 27 12 28 
16 17 18 27 12 29 
16 17 18 27 12 29 31 
16 17 18 27 12 31 
16 17 18 27 12 31 15 
16 17 18 27 15 
16 17 18 27 28 
16 17 18 27 29 
16 17 18 27 29 31 
16 17 18 27 31 
16 17 18 27 31 15 
16 17 18 27 43 
16 17 18 27 43 12 
16 17 18 27 43 12 31 
16 17 18 27 43 31 
16 17 18 28 
16 17 18 28 15 
16 17 18 28 29 
16 17 18 28 29 31 
16 17 18 28 31 
16 17 18 28 335 
16 17 18 29 
16 17 18 29 15 
16 17 18 29 31 
16 17 18 29 31 15 
16 17 18 29 335 
16 17 18 307 
16 17 18 307 12 
16 17 18 31 
16 17 18 31 15 
16 17 18 31 335 
16 17 18 335 
16 17 18 41 
16 17 18 41 12 
16 17 18 41 12 15 
16 17 18 41 12 29 
16 17 18 41 12 29 31 
16 17 18 41 12 31 
16 17 18 41 15 
16 17 18 41 27 
16 17 18 41 27 12 
16 17 18 41 27 12 31 
16 17 18 41 27 31 
16 17 18 41 29 
16 17 18 41 29 31 
16 17 18 41 31 
16 17 18 41 43 
16 17 18 41 43 12 
16 17 18 41 43 12 31 
16 17 18 41 43 31 
16 17 18 43 
16 17 18 43 12 
16 17 18 43 12 15 
16 17 18 43 12 28 
16 17 18 43 12 28 31 
16 17 18 43 12 29 
16 17 18 43 12 29 31 
16 17 18 43 12 31 
16 17 18 43 12 31 15 
16 17 18 43 12 31 335 
16 17 18 43 12 335 
16 17 18 43 15 
16 17 18 43 27 
16 17 18 43 27 12 
16 17 18 43 27 12 29 
16 17 18 43 27 12 31 
16 17 18 43 27 29 
16 17 18 43 27 31 
16 17 18 43 28 
16 17 18 43 28 31 
16 17 18 43 29 
16 17 18 43 29 31 
16 17 18 43 31 
16 17 18 43 31 15 
16 17 18 43 31 335 
16 17 18 43 335 
16 17 18 43 59 
16 17 18 43 59 12 
16 17 18 437 
16 17 18 437 12 
16 17 18 437 12 29 
16 17 18 437 12 29 31 
16 17 18 437 12 31 
16 17 18 437 27 
16 17 18 437 27 12 
16 17 18 437 29 
16 17 18 437 29 31 
16 17 18 437 31 
16 17 18 437 43 
16 17 18 437 43 12 
16 17 18 441 
16 17 18 441 12 
16 17 18 441 12 15 
16 17 18 441 12 28 
16 17 18 441 12 28 31 
16 17 18 441 12 29 
16 17 18 441 12 29 31 
16 17 18 441 12 29 335 
16 17 18 441 12 31 
16 17 18 441 12 31 15 
16 17 18 441 12 31 335 
16 17 18 441 12 335 
16 17 18 441 15 
16 17 18 441 25 
16 17 18 441 25 12 
16 17 18 441 27 
16 17 18 441 27 12 
16 17 18 441 28 
16 17 18 441 28 31 
16 17 18 441 29 
16 17 18 441 29 31 
16 17 18 441 29 335 
16 17 18 441 31 
16 17 18 441 31 15 
16 17 18 441 31 335 
16 17 18 441 335 
16 17 18 441 43 
16 17 18 441 43 12 
16 17 18 441 43 12 31 
16 17 18 441 43 12 335 
16 17 18 441 43 31 
16 17 18 441 43 335 
16 17 18 59 
16 17 18 59 12 
16 17 18 59 12 29 
16 17 18 59 12 31 
16 17 18 59 29 
16 17 18 59 31 
16 17 18 63 
16 17 18 66 
16 17 18 66 12 
16 17 18 66 12 29 
16 17 18 66 12 31 
16 17 18 66 21 
16 17 18 66 21 12 
16 17 18 66 21 12 31 
16 17 18 66 21 31 
16 17 18 66 27 
16 17 18 66 27 12 
16 17 18 66 29 
16 17 18 66 31 
16 17 18 66 43 
16 17 18 66 43 12 
16 17 18 8 
16 17 18 8 12 
16 17 18 8 12 29 
16 17 18 8 12 31 
16 17 18 8 29 
16 17 18 8 31 
16 17 21 
16 17 21 12 
16 17 21 12 15 
16 17 21 12 28 
16 17 21 12 28 31 
16 17 21 12 29 
16 17 21 12 29 31 
16 17 21 12 31 
16 17 21 12 31 15 
16 17 21 12 31 335 
16 17 21 12 335 
16 17 21 15 
16 17 21 24 
16 17 21 24 12 
16 17 21 24 12 29 
16 17 21 24 12 31 
16 17 21 24 27 
16 17 21 24 27 12 
16 17 21 24 29 
16 17 21 24 31 
16 17 21 25 
16 17 21 25 12 
16 17 21 27 
16 17 21 27 12 
16 17 21 27 12 15 
16 17 21 27 12 29 
16 17 21 27 12 29 31 
16 17 21 27 12 31 
16 17 21 27 15 
16 17 21 27 29 
16 17 21 27 29 31 
16 17 21 27 31 
16 17 21 27 43 
16 17 21 27 43 12 
16 17 21 27 43 12 31 
16 17 21 27 43 31 
16 17 21 28 
16 17 21 28 31 
16 17 21 29 
16 17 21 29 31 
16 17 21 31 
16 17 21 31 15 
16 17 21 31 335 
16 17 21 335 
16 17 21 41 
16 17 21 41 12 
16 17 21 41 12 31 
16 17 21 41 31 
16 17 21 43 
16 17 21 43 12 
16 17 21 43 12 29 
16 17 21 43 12 29 31 
16 17 21 43 12 31 
16 17 21 43 29 
16 17 21 43 29 31 
16 17 21 43 31 
16 17 21 437 
16 17 21 437 12 
16 17 21 437 12 31 
16 17 21 437 31 
16 17 21 441 
16 17 21 441 12 
16 17 21 441 12 29 
16 17 21 441 12 31 
16 17 21 441 12 335 
16 17 21 441 27 
16 17 21 441 27 12 
16 17 21 441 29 
16 17 21 441 31 
16 17 21 441 335 
16 17 21 59 
16 17 21 59 12 
16 17 21 59 12 31 
16 17 21 59 31 
16 17 21 8 
16 17 21 8 12 
16 17 22 
16 17 22 12 
16 17 22 12 31 
16 17 22 31 
16 17 24 
16 17 24 12 
16 17 24 12 15 
16 17 24 12 28 
16 17 24 12 29 
16 17 24 12 29 31 
16 17 24 12 31 
16 17 24 15 
16 17 24 27 
16 17 24 27 12 
16 17 24 27 12 31 
16 17 24 27 31 
16 17 24 28 
16 17 24 29 
16 17 24 29 31 
16 17 24 31 
16 17 24 41 
16 17 24 41 12 
16 17 24 43 
16 17 24 43 12 
16 17 24 43 12 31 
16 17 24 43 31 
16 17 24 441 
16 17 24 441 12 
16 17 24 441 12 31 
16 17 24 441 31 
16 17 24 8 
16 17 24 8 12 
16 17 24 8 12 29 
16 17 24 8 12 31 
16 17 24 8 29 
16 17 24 8 31 
16 17 25 
16 17 25 12 
16 17 25 12 29 
16 17 25 12 31 
16 17 25 29 
16 17 25 31 
16 17 25 43 
16 17 25 43 12 
16 17 27 
16 17 27 12 
16 17 27 12 15 
16 17 27 12 28 
16 17 27 12 29 
16 17 27 12 29 31 
16 17 27 12 31 
16 17 27 12 31 15 
16 17 27 15 
16 17 27 28 
16 17 27 29 
16 17 27 29 31 
16 17 27 31 
16 17 27 31 15 
16 17 27 43 
16 17 27 43 12 
16 17 27 43 12 31 
16 17 27 43 31 
16 17 28 
16 17 28 15 
16 17 28 29 
16 17 28 29 31 
16 17 28 31 
16 17 28 31 15 
16 17 28 335 
16 17 29 
16 17 29 15 
16 17 29 31 
16 17 29 31 15 
16 17 29 335 
16 17 307 
16 17 307 12 
16 17 31 
16 17 31 15 
16 17 31 335 
16 17 335 
16 17 41 
16 17 41 12 
16 17 41 12 15 
16 17 41 12 28 
16 17 41 12 29 
16 17 41 12 29 31 
16 17 41 12 31 
16 17 41 15 
16 17 41 27 
16 17 41 27 12 
16 17 41 27 12 31 
16 17 41 27 31 
16 17 41 28 
16 17 41 29 
16 17 41 29 31 
16 17 41 31 
16 17 41 43 
16 17 41 43 12 
16 17 41 43 12 31 
16 17 41 43 31 
16 17 41 59 
16 17 43 
16 17 43 12 
16 17 43 12 15 
16 17 43 12 28 
16 17 43 12 28 31 
16 17 43 12 29 
16 17 43 12 29 31 
16 17 43 12 31 
16 17 43 12 31 15 
16 17 43 12 31 335 
16 17 43 12 335 
16 17 43 15 
16 17 43 27 
16 17 43 27 12 
16 17 43 27 12 29 
16 17 43 27 12 31 
16 17 43 27 29 
16 17 43 27 31 
16 17 43 28 
16 17 43 28 31 
16 17 43 29 
16 17 43 29 31 
16 17 43 31 
16 17 43 31 15 
16 17 43 31 335 
16 17 43 335 
16 17 43 59 
16 17 43 59 12 
16 17 437 
16 17 437 12 
16 17 437 12 29 
16 17 437 12 29 31 
16 17 437 12 31 
16 17 437 27 
16 17 437 27 12 
16 17 437 29 
16 17 437 29 31 
16 17 437 31 
16 17 437 43 
16 17 437 43 12 
16 17 441 
16 17 441 12 
16 17 441 12 15 
16 17 441 12 28 
16 17 441 12 28 31 
16 17 441 12 29 
16 17 441 12 29 31 
16 17 441 12 29 335 
16 17 441 12 31 
16 17 441 12 31 15 
16 17 441 12 31 335 
16 17 441 12 335 
16 17 441 15 
16 17 441 25 
16 17 441 25 12 
16 17 441 27 
16 17 441 27 12 
16 17 441 28 
16 17 441 28 31 
16 17 441 29 
16 17 441 29 31 
16 17 441 29 335 
16 17 441 31 
16 17 441 31 15 
16 17 441 31 335 
16 17 441 335 
16 17 441 41 
16 17 441 41 12 
16 17 441 43 
16 17 441 43 12 
16 17 441 43 12 31 
16 17 441 43 12 335 
16 17 441 43 31 
16 17 441 43 335 
16 17 59 
16 17 59 12 
16 17 59 12 29 
16 17 59 12 31 
16 17 59 29 
16 17 59 31 
16 17 63 
16 17 66 
16 17 66 12 
16 17 66 12 29 
16 17 66 12 31 
16 17 66 21 
16 17 66 21 12 
16 17 66 21 12 31 
16 17 66 21 31 
16 17 66 27 
16 17 66 27 12 
16 17 66 29 
16 17 66 29 31 
16 17 66 31 
16 17 66 43 
16 17 66 43 12 
16 17 8 
16 17 8 12 
16 17 8 12 29 
16 17 8 12 31 
16 17 8 29 
16 17 8 31 
16 18 
16 18 12 
16 18 12 14 
16 18 12 15 
16 18 12 15 335 
16 18 12 28 
16 18 12 28 15 
16 18 12 28 29 
16 18 12 28 29 31 
16 18 12 28 31 
16 18 12 28 335 
16 18 12 29 
16 18 12 29 15 
16 18 12 29 31 
16 18 12 29 31 15 
16 18 12 29 335 
16 18 12 31 
16 18 12 31 15 
16 18 12 31 335 
16 18 12 335 
16 18 12 63 
16 18 14 
16 18 15 
16 18 15 335 
16 18 21 
16 18 21 12 
16 18 21 12 15 
16 18 21 12 28 
16 18 21 12 28 31 
16 18 21 12 29 
16 18 21 12 29 31 
16 18 21 12 31 
16 18 21 12 31 15 
16 18 21 12 31 335 
16 18 21 12 335 
16 18 21 15 
16 18 21 24 
16 18 21 24 12 
16 18 21 24 12 29 
16 18 21 24 12 31 
16 18 21 24 27 
16 18 21 24 27 12 
16 18 21 24 29 
16 18 21 24 31 
16 18 21 25 
16 18 21 25 12 
16 18 21 27 
16 18 21 27 12 
16 18 21 27 12 15 
16 18 21 27 12 29 
16 18 21 27 12 29 31 
16 18 21 27 12 31 
16 18 21 27 15 
16 18 21 27 29 
16 18 21 27 29 31 
16 18 21 27 31 
16 18 21 27 43 
16 18 21 27 43 12 
16 18 21 27 43 12 31 
16 18 21 27 43 31 
16 18 21 28 
16 18 21 28 31 
16 18 21 29 
16 18 21 29 31 
16 18 21 31 
16 18 21 31 15 
16 18 21 31 335 
16 18 21 335 
16 18 21 41 
16 18 21 41 12 
16 18 21 41 12 31 
16 18 21 41 31 
16 18 21 43 
16 18 21 43 12 
16 18 21 43 12 29 
16 18 21 43 12 29 31 
16 18 21 43 12 31 
16 18 21 43 29 
16 18 21 43 29 31 
16 18 21 43 31 
16 18 21 437 
16 18 21 437 12 
16 18 21 437 12 31 
16 18 21 437 31 
16 18 21 441 
16 18 21 441 12 
16 18 21 441 12 29 
16 18 21 441 12 31 
16 18 21 441 12 335 
16 18 21 441 27 
16 18 21 441 27 12 
16 18 21 441 29 
16 18 21 441 31 
16 18 21 441 335 
16 18 21 59 
16 18 21 59 12 
16 18 21 59 12 31 
16 18 21 59 31 
16 18 21 8 
16 18 21 8 12 
16 18 22 
16 18 22 12 
16 18 22 12 31 
16 18 22 31 
16 18 24 
16 18 24 12 
16 18 24 12 15 
16 18 24 12 28 
16 18 24 12 29 
16 18 24 12 29 31 
16 18 24 12 31 
16 18 24 15 
16 18 24 27 
16 18 24 27 12 
16 18 24 27 12 31 
16 18 24 27 31 
16 18 24 28 
16 18 24 29 
16 18 24 29 31 
16 18 24 31 
16 18 24 41 
16 18 24 41 12 
16 18 24 43 
16 18 24 43 12 
16 18 24 43 12 31 
16 18 24 43 31 
16 18 24 441 
16 18 24 441 12 
16 18 24 441 12 31 
16 18 24 441 31 
16 18 24 8 
16 18 24 8 12 
16 18 24 8 12 29 
16 18 24 8 12 31 
16 18 24 8 29 
16 18 24 8 31 
16 18 25 
16 18 25 12 
16 18 25 12 29 
16 18 25 12 31 
16 18 25 29 
16 18 25 31 
16 18 25 43 
16 18 25 43 12 
16 18 27 
16 18 27 12 
16 18 27 12 15 
16 18 27 12 28 
16 18 27 12 29 
16 18 27 12 29 31 
16 18 27 12 31 
16 18 27 12 31 15 
16 18 27 15 
16 18 27 28 
16 18 27 29 
16 18 27 29 31 
16 18 27 31 
16 18 27 31 15 
16 18 27 43 
16 18 27 43 12 
16 18 27 43 12 31 
16 18 27 43 31 
16 18 28 
16 18 28 15 
16 18 28 29 
16 18 28 29 31 
16 18 28 31 
16 18 28 335 
16 18 29 
16 18 29 15 
16 18 29 31 
16 18 29 31 15 
16 18 29 335 
16 18 307 
16 18 307 12 
16 18 31 
16 18 31 15 
16 18 31 335 
16 18 335 
16 18 41 
16 18 41 12 
16 18 41 12 15 
16 18 41 12 29 
16 18 41 12 29 31 
16 18 41 12 31 
16 18 41 15 
16 18 41 27 
16 18 41 27 12 
16 18 41 27 12 31 
16 18 41 27 31 
16 18 41 29 
16 18 41 29 31 
16 18 41 31 
16 18 41 43 
16 18 41 43 12 
16 18 41 43 12 31 
16 18 41 43 31 
16 18 43 
16 18 43 12 
16 18 43 12 15 
16 18 43 12 28 
16 18 43 12 28 31 
16 18 43 12 29 
16 18 43 12 29 31 
16 18 43 12 31 
16 18 43 12 31 15 
16 18 43 12 31 335 
16 18 43 12 335 
16 18 43 15 
16 18 43 27 
16 18 43 27 12 
16 18 43 27 12 29 
16 18 43 27 12 31 
16 18 43 27 29 
16 18 43 27 31 
16 18 43 28 
16 18 43 28 31 
16 18 43 29 
16 18 43 29 31 
16 18 43 31 
16 18 43 31 15 
16 18 43 31 335 
16 18 43 335 
16 18 43 59 
16 18 43 59 12 
16 18 437 
16 18 437 12 
16 18 437 12 29 
16 18 437 12 29 31 
16 18 437 12 31 
16 18 437 27 
16 18 437 27 12 
16 18 437 29 
16 18 437 29 31 
16 18 437 31 
16 18 437 43 
16 18 437 43 12 
16 18 441 
16 18 441 12 
16 18 441 12 15 
16 18 441 12 28 
16 18 441 12 28 31 
16 18 441 12 29 
16 18 441 12 29 31 
16 18 441 12 29 335 
16 18 441 12 31 
16 18 441 12 31 15 
16 18 441 12 31 335 
16 18 441 12 335 
16 18 441 15 
16 18 441 25 
16 18 441 25 12 
16 18 441 27 
16 18 441 27 12 
16 18 441 28 
16 18 441 28 31 
16 18 441 29 
16 18 441 29 31 
16 18 441 29 335 
16 18 441 31 
16 18 441 31 15 
16 18 441 31 335 
16 18 441 335 
16 18 441 43 
16 18 441 43 12 
16 18 441 43 12 31 
16 18 441 43 12 335 
16 18 441 43 31 
16 18 441 43 335 
16 18 59 
16 18 59 12 
16 18 59 12 29 
16 18 59 12 31 
16 18 59 29 
16 18 59 31 
16 18 63 
16 18 66 
16 18 66 12 
16 18 66 12 29 
16 18 66 12 31 
16 18 66 21 
16 18 66 21 12 
16 18 66 21 12 31 
16 18 66 21 31 
16 18 66 27 
16 18 66 27 12 
16 18 66 29 
16 18 66 31 
16 18 66 43 
16 18 66 43 12 
16 18 8 
16 18 8 12 
16 18 8 12 29 
16 18 8 12 31 
16 18 8 29 
16 18 8 31 
16 21 
16 21 12 
16 21 12 15 
16 21 12 28 
16 21 12 28 31 
16 21 12 29 
16 21 12 29 31 
16 21 12 31 
16 21 12 31 15 
16 21 12 31 335 
16 21 12 335 
16 21 15 
16 21 24 
16 21 24 12 
16 21 24 12 29 
16 21 24 12 31 
16 21 24 27 
16 21 24 27 12 
16 21 24 29 
16 21 24 31 
16 21 25 
16 21 25 12 
16 21 27 
16 21 27 12 
16 21 27 12 15 
16 21 27 12 29 
16 21 27 12 29 31 
16 21 27 12 31 
16 21 27 15 
16 21 27 29 
16 21 27 29 31 
16 21 27 31 
16 21 27 43 
16 21 27 43 12 
16 21 27 43 12 31 
16 21 27 43 31 
16 21 28 
16 21 28 31 
16 21 29 
16 21 29 31 
16 21 31 
16 21 31 15 
16 21 31 335 
16 21 335 
16 21 41 
16 21 41 12 
16 21 41 12 31 
16 21 41 31 
16 21 43 
16 21 43 12 
16 21 43 12 29 
16 21 43 12 29 31 
16 21 43 12 31 
16 21 43 29 
16 21 43 29 31 
16 21 43 31 
16 21 437 
16 21 437 12 
16 21 437 12 31 
16 21 437 31 
16 21 441 
16 21 441 12 
16 21 441 12 29 
16 21 441 12 31 
16 21 441 12 335 
16 21 441 27 
16 21 441 27 12 
16 21 441 29 
16 21 441 31 
16 21 441 335 
16 21 59 
16 21 59 12 
16 21 59 12 31 
16 21 59 31 
16 21 8 
16 21 8 12 
16 22 
16 22 12 
16 22 12 31 
16 22 31 
16 24 
16 24 12 
16 24 12 15 
16 24 12 28 
16 24 12 29 
16 24 12 29 31 
16 24 12 31 
16 24 15 
16 24 27 
16 24 27 12 
16 24 27 12 31 
16 24 27 31 
16 24 28 
16 24 29 
16 24 29 31 
16 24 31 
16 24 41 
16 24 41 12 
16 24 43 
16 24 43 12 
16 24 43 12 31 
16 24 43 31 
16 24 441 
16 24 441 12 
16 24 441 12 31 
16 24 441 31 
16 24 8 
16 24 8 12 
16 24 8 12 29 
16 24 8 12 31 
16 24 8 29 
16 24 8 31 
16 25 
16 25 12 
16 25 12 29 
16 25 12 31 
16 25 29 
16 25 31 
16 25 43 
16 25 43 12 
16 27 
16 27 12 
16 27 12 15 
16 27 12 28 
16 27 12 29 
16 27 12 29 31 
16 27 12 31 
16 27 12 31 15 
16 27 15 
16 27 28 
16 27 29 
16 27 29 31 
16 27 31 
16 27 31 15 
16 27 43 
16 27 43 12 
16 27 43 12 31 
16 27 43 31 
16 28 
16 28 15 
16 28 29 
16 28 29 31 
16 28 31 
16 28 31 15 
16 28 335 
16 29 
16 29 15 
16 29 31 
16 29 31 15 
16 29 335 
16 307 
16 307 12 
16 31 
16 31 15 
16 31 335 
16 335 
16 41 
16 41 12 
16 41 12 15 
16 41 12 28 
16 41 12 29 
16 41 12 29 31 
16 41 12 31 
16 41 15 
16 41 27 
16 41 27 12 
16 41 27 12 31 
16 41 27 31 
16 41 28 
16 41 29 
16 41 29 31 
16 41 31 
16 41 43 
16 41 43 12 
16 41 43 12 31 
16 41 43 31 
16 41 59 
16 41 59 12 
16 416 
16 416 12 
16 416 12 29 
16 416 12 31 
16 416 12 335 
16 416 17 
16 416 17 12 
16 416 17 12 29 
16 416 17 12 31 
16 416 17 12 335 
16 416 17 18 
16 416 17 18 12 
16 416 17 18 12 31 
16 416 17 18 12 335 
16 416 17 18 21 
16 416 17 18 21 12 
16 416 17 18 31 
16 416 17 18 335 
16 416 17 21 
16 416 17 21 12 
16 416 17 29 
16 416 17 31 
16 416 17 335 
16 416 18 
16 416 18 12 
16 416 18 12 31 
16 416 18 12 335 
16 416 18 21 
16 416 18 21 12 
16 416 18 31 
16 416 18 335 
16 416 21 
16 416 21 12 
16 416 29 
16 416 31 
16 416 335 
16 43 
16 43 12 
16 43 12 15 
16 43 12 28 
16 43 12 28 31 
16 43 12 29 
16 43 12 29 31 
16 43 12 31 
16 43 12 31 15 
16 43 12 31 335 
16 43 12 335 
16 43 15 
16 43 27 
16 43 27 12 
16 43 27 12 29 
16 43 27 12 31 
16 43 27 29 
16 43 27 31 
16 43 28 
16 43 28 31 
16 43 29 
16 43 29 31 
16 43 31 
16 43 31 15 
16 43 31 335 
16 43 335 
16 43 59 
16 43 59 12 
16 437 
16 437 12 
16 437 12 29 
16 437 12 29 31 
16 437 12 31 
16 437 27 
16 437 27 12 
16 437 29 
16 437 29 31 
16 437 31 
16 437 43 
16 437 43 12 
16 441 
16 441 12 
16 441 12 15 
16 441 12 28 
16 441 12 28 31 
16 441 12 29 
16 441 12 29 31 
16 441 12 29 335 
16 441 12 31 
16 441 12 31 15 
16 441 12 31 335 
16 441 12 335 
16 441 15 
16 441 25 
16 441 25 12 
16 441 27 
16 441 27 12 
16 441 28 
16 441 28 31 
16 441 29 
16 441 29 31 
16 441 29 335 
16 441 31 
16 441 31 15 
16 441 31 335 
16 441 335 
16 441 41 
16 441 41 12 
16 441 43 
16 441 43 12 
16 441 43 12 31 
16 441 43 12 335 
16 441 43 31 
16 441 43 335 
16 59 
16 59 12 
16 59 12 29 
16 59 12 31 
16 59 29 
16 59 31 
16 63 
16 66 
16 66 12 
16 66 12 29 
16 66 12 31 
16 66 21 
16 66 21 12 
16 66 21 12 31 
16 66 21 31 
16 66 27 
16 66 27 12 
16 66 29 
16 66 29 31 
16 66 31 
16 66 43 
16 66 43 12 
16 8 
16 8 12 
16 8 12 29 
16 8 12 31 
16 8 29 
16 8 31 
17
17 1 
17 1 12 
17 1 12 29 
17 1 12 31 
17 1 18 
17 1 18 12 
17 1 18 12 29 
17 1 18 12 31 
17 1 18 21 
17 1 18 21 12 
17 1 18 29 
17 1 18 31 
17 1 21 
17 1 21 12 
17 1 29 
17 1 31 
17 12 
17 12 14 
17 12 15 
17 12 15 335 
17 12 28 
17 12 28 15 
17 12 28 29 
17 12 28 29 31 
17 12 28 31 
17 12 28 31 15 
17 12 28 335 
17 12 29 
17 12 29 15 
17 12 29 31 
17 12 29 31 15 
17 12 29 31 335 
17 12 29 335 
17 12 31 
17 12 31 15 
17 12 31 335 
17 12 335 
17 12 63 
17 14 
17 15 
17 15 335 
17 18 
17 18 12 
17 18 12 14 
17 18 12 15 
17 18 12 15 335 
17 18 12 28 
17 18 12 28 15 
17 18 12 28 29 
17 18 12 28 29 31 
17 18 12 28 31 
17 18 12 28 31 15 
17 18 12 28 335 
17 18 12 29 
17 18 12 29 15 
17 18 12 29 31 
17 18 12 29 31 15 
17 18 12 29 31 335 
17 18 12 29 335 
17 18 12 31 
17 18 12 31 15 
17 18 12 31 335 
17 18 12 335 
17 18 12 63 
17 18 14 
17 18 15 
17 18 15 335 
17 18 21 
17 18 21 12 
17 18 21 12 15 
17 18 21 12 28 
17 18 21 12 28 31 
17 18 21 12 29 
17 18 21 12 29 15 
17 18 21 12 29 31 
17 18 21 12 31 
17 18 21 12 31 15 
17 18 21 12 31 335 
17 18 21 12 335 
17 18 21 15 
17 18 21 24 
17 18 21 24 12 
17 18 21 24 12 29 
17 18 21 24 12 31 
17 18 21 24 27 
17 18 21 24 27 12 
17 18 21 24 29 
17 18 21 24 31 
17 18 21 24 8 
17 18 21 24 8 12 
17 18 21 25 
17 18 21 25 12 
17 18 21 27 
17 18 21 27 12 
17 18 21 27 12 15 
17 18 21 27 12 29 
17 18 21 27 12 29 31 
17 18 21 27 12 31 
17 18 21 27 15 
17 18 21 27 28 
17 18 21 27 29 
17 18 21 27 29 31 
17 18 21 27 31 
17 18 21 27 43 
17 18 21 27 43 12 
17 18 21 27 43 12 31 
17 18 21 27 43 31 
17 18 21 28 
17 18 21 28 31 
17 18 21 29 
17 18 21 29 15 
17 18 21 29 31 
17 18 21 31 
17 18 21 31 15 
17 18 21 31 335 
17 18 21 335 
17 18 21 41 
17 18 21 41 12 
17 18 21 41 12 31 
17 18 21 41 27 
17 18 21 41 27 12 
17 18 21 41 31 
17 18 21 43 
17 18 21 43 12 
17 18 21 43 12 29 
17 18 21 43 12 29 31 
17 18 21 43 12 31 
17 18 21 43 29 
17 18 21 43 29 31 
17 18 21 43 31 
17 18 21 437 
17 18 21 437 12 
17 18 21 437 12 31 
17 18 21 437 27 
17 18 21 437 27 12 
17 18 21 437 31 
17 18 21 441 
17 18 21 441 12 
17 18 21 441 12 29 
17 18 21 441 12 31 
17 18 21 441 12 335 
17 18 21 441 27 
17 18 21 441 27 12 
17 18 21 441 29 
17 18 21 441 31 
17 18 21 441 335 
17 18 21 59 
17 18 21 59 12 
17 18 21 59 12 31 
17 18 21 59 31 
17 18 21 8 
17 18 21 8 12 
17 18 22 
17 18 22 12 
17 18 22 12 31 
17 18 22 31 
17 18 24 
17 18 24 12 
17 18 24 12 15 
17 18 24 12 28 
17 18 24 12 28 31 
17 18 24 12 29 
17 18 24 12 29 31 
17 18 24 12 31 
17 18 24 12 31 15 
17 18 24 12 335 
17 18 24 15 
17 18 24 25 
17 18 24 25 12 
17 18 24 27 
17 18 24 27 12 
17 18 24 27 12 31 
17 18 24 27 31 
17 18 24 28 
17 18 24 28 31 
17 18 24 29 
17 18 24 29 31 
17 18 24 31 
17 18 24 31 15 
17 18 24 335 
17 18 24 41 
17 18 24 41 12 
17 18 24 43 
17 18 24 43 12 
17 18 24 43 12 31 
17 18 24 43 31 
17 18 24 441 
17 18 24 441 12 
17 18 24 441 12 31 
17 18 24 441 31 
17 18 24 8 
17 18 24 8 12 
17 18 24 8 12 29 
17 18 24 8 12 31 
17 18 24 8 29 
17 18 24 8 31 
17 18 25 
17 18 25 12 
17 18 25 12 15 
17 18 25 12 28 
17 18 25 12 29 
17 18 25 12 31 
17 18 25 15 
17 18 25 28 
17 18 25 29 
17 18 25 31 
17 18 25 43 
17 18 25 43 12 
17 18 27 
17 18 27 12 
17 18 27 12 15 
17 18 27 12 28 
17 18 27 12 28 31 
17 18 27 12 29 
17 18 27 12 29 31 
17 18 27 12 31 
17 18 27 12 31 15 
17 18 27 12 335 
17 18 27 15 
17 18 27 28 
17 18 27 28 31 
17 18 27 29 
17 18 27 29 31 
17 18 27 31 
17 18 27 31 15 
17 18 27 335 
17 18 27 43 
17 18 27 43 12 
17 18 27 43 12 29 
17 18 27 43 12 31 
17 18 27 43 29 
17 18 27 43 31 
17 18 28 
17 18 28 15 
17 18 28 29 
17 18 28 29 31 
17 18 28 31 
17 18 28 31 15 
17 18 28 335 
17 18 29 
17 18 29 15 
17 18 29 31 
17 18 29 31 15 
17 18 29 31 335 
17 18 29 335 
17 18 307 
17 18 307 12 
17 18 31 
17 18 31 15 
17 18 31 335 
17 18 335 
17 18 41 
17 18 41 12 
17 18 41 12 15 
17 18 41 12 28 
17 18 41 12 29 
17 18 41 12 29 31 
17 18 41 12 31 
17 18 41 15 
17 18 41 27 
17 18 41 27 12 
17 18 41 27 12 31 
17 18 41 27 31 
17 18 41 28 
17 18 41 29 
17 18 41 29 31 
17 18 41 31 
17 18 41 43 
17 18 41 43 12 
17 18 41 43 12 31 
17 18 41 43 31 
17 18 41 59 
17 18 41 59 12 
17 18 43 
17 18 43 12 
17 18 43 12 15 
17 18 43 12 28 
17 18 43 12 28 31 
17 18 43 12 29 
17 18 43 12 29 31 
17 18 43 12 31 
17 18 43 12 31 15 
17 18 43 12 31 335 
17 18 43 12 335 
17 18 43 15 
17 18 43 27 
17 18 43 27 12 
17 18 43 27 12 29 
17 18 43 27 12 31 
17 18 43 27 29 
17 18 43 27 31 
17 18 43 28 
17 18 43 28 31 
17 18 43 29 
17 18 43 29 31 
17 18 43 31 
17 18 43 31 15 
17 18 43 31 335 
17 18 43 335 
17 18 43 59 
17 18 43 59 12 
17 18 43 59 12 31 
17 18 43 59 31 
17 18 437 
17 18 437 12 
17 18 437 12 29 
17 18 437 12 29 31 
17 18 437 12 31 
17 18 437 24 
17 18 437 24 12 
17 18 437 27 
17 18 437 27 12 
17 18 437 29 
17 18 437 29 31 
17 18 437 31 
17 18 437 43 
17 18 437 43 12 
17 18 437 43 12 31 
17 18 437 43 31 
17 18 441 
17 18 441 12 
17 18 441 12 15 
17 18 441 12 28 
17 18 441 12 28 31 
17 18 441 12 29 
17 18 441 12 29 31 
17 18 441 12 29 335 
17 18 441 12 31 
17 18 441 12 31 15 
17 18 441 12 31 335 
17 18 441 12 335 
17 18 441 15 
17 18 441 25 
17 18 441 25 12 
17 18 441 27 
17 18 441 27 12 
17 18 441 27 12 31 
17 18 441 27 31 
17 18 441 28 
17 18 441 28 31 
17 18 441 29 
17 18 441 29 31 
17 18 441 29 335 
17 18 441 31 
17 18 441 31 15 
17 18 441 31 335 
17 18 441 335 
17 18 441 41 
17 18 441 41 12 
17 18 441 43 
17 18 441 43 12 
17 18 441 43 12 31 
17 18 441 43 12 31 335 
17 18 441 43 12 335 
17 18 441 43 31 
17 18 441 43 31 335 
17 18 441 43 335 
17 18 59 
17 18 59 12 
17 18 59 12 29 
17 18 59 12 29 31 
17 18 59 12 31 
17 18 59 29 
17 18 59 29 31 
17 18 59 31 
17 18 63 
17 18 66 
17 18 66 12 
17 18 66 12 29 
17 18 66 12 29 31 
17 18 66 12 31 
17 18 66 21 
17 18 66 21 12 
17 18 66 21 12 31 
17 18 66 21 31 
17 18 66 24 
17 18 66 24 12 
17 18 66 27 
17 18 66 27 12 
17 18 66 29 
17 18 66 29 31 
17 18 66 31 
17 18 66 43 
17 18 66 43 12 
17 18 8 
17 18 8 12 
17 18 8 12 29 
17 18 8 12 31 
17 18 8 29 
17 18 8 31 
17 18 8 43 
17 18 8 43 12 
17 21 
17 21 12 
17 21 12 15 
17 21 12 28 
17 21 12 28 31 
17 21 12 29 
17 21 12 29 15 
17 21 12 29 31 
17 21 12 31 
17 21 12 31 15 
17 21 12 31 335 
17 21 12 335 
17 21 15 
17 21 24 
17 21 24 12 
17 21 24 12 29 
17 21 24 12 31 
17 21 24 27 
17 21 24 27 12 
17 21 24 29 
17 21 24 31 
17 21 24 8 
17 21 24 8 12 
17 21 25 
17 21 25 12 
17 21 27 
17 21 27 12 
17 21 27 12 15 
17 21 27 12 28 
17 21 27 12 29 
17 21 27 12 29 31 
17 21 27 12 31 
17 21 27 15 
17 21 27 28 
17 21 27 29 
17 21 27 29 31 
17 21 27 31 
17 21 27 43 
17 21 27 43 12 
17 21 27 43 12 31 
17 21 27 43 31 
17 21 28 
17 21 28 31 
17 21 29 
17 21 29 15 
17 21 29 31 
17 21 31 
17 21 31 15 
17 21 31 335 
17 21 335 
17 21 41 
17 21 41 12 
17 21 41 12 29 
17 21 41 12 31 
17 21 41 27 
17 21 41 27 12 
17 21 41 29 
17 21 41 31 
17 21 43 
17 21 43 12 
17 21 43 12 29 
17 21 43 12 29 31 
17 21 43 12 31 
17 21 43 29 
17 21 43 29 31 
17 21 43 31 
17 21 437 
17 21 437 12 
17 21 437 12 31 
17 21 437 27 
17 21 437 27 12 
17 21 437 31 
17 21 441 
17 21 441 12 
17 21 441 12 29 
17 21 441 12 31 
17 21 441 12 335 
17 21 441 27 
17 21 441 27 12 
17 21 441 29 
17 21 441 31 
17 21 441 335 
17 21 59 
17 21 59 12 
17 21 59 12 31 
17 21 59 31 
17 21 8 
17 21 8 12 
17 22 
17 22 12 
17 22 12 31 
17 22 31 
17 24 
17 24 12 
17 24 12 15 
17 24 12 28 
17 24 12 28 31 
17 24 12 29 
17 24 12 29 31 
17 24 12 31 
17 24 12 31 15 
17 24 12 335 
17 24 15 
17 24 25 
17 24 25 12 
17 24 27 
17 24 27 12 
17 24 27 12 31 
17 24 27 31 
17 24 28 
17 24 28 31 
17 24 29 
17 24 29 31 
17 24 31 
17 24 31 15 
17 24 335 
17 24 41 
17 24 41 12 
17 24 41 31 
17 24 43 
17 24 43 12 
17 24 43 12 29 
17 24 43 12 31 
17 24 43 29 
17 24 43 31 
17 24 441 
17 24 441 12 
17 24 441 12 31 
17 24 441 31 
17 24 8 
17 24 8 12 
17 24 8 12 29 
17 24 8 12 31 
17 24 8 29 
17 24 8 31 
17 24 8 43 
17 25 
17 25 12 
17 25 12 15 
17 25 12 28 
17 25 12 29 
17 25 12 31 
17 25 15 
17 25 28 
17 25 29 
17 25 31 
17 25 43 
17 25 43 12 
17 27 
17 27 12 
17 27 12 15 
17 27 12 28 
17 27 12 28 31 
17 27 12 29 
17 27 12 29 31 
17 27 12 31 
17 27 12 31 15 
17 27 12 335 
17 27 15 
17 27 28 
17 27 28 31 
17 27 29 
17 27 29 31 
17 27 31 
17 27 31 15 
17 27 335 
17 27 43 
17 27 43 12 
17 27 43 12 29 
17 27 43 12 31 
17 27 43 29 
17 27 43 31 
17 28 
17 28 15 
17 28 29 
17 28 29 31 
17 28 31 
17 28 31 15 
17 28 335 
17 29 
17 29 15 
17 29 31 
17 29 31 15 
17 29 31 335 
17 29 335 
17 307 
17 307 12 
17 31 
17 31 15 
17 31 335 
17 335 
17 41 
17 41 12 
17 41 12 15 
17 41 12 28 
17 41 12 29 
17 41 12 29 31 
17 41 12 31 
17 41 15 
17 41 27 
17 41 27 12 
17 41 27 12 31 
17 41 27 31 
17 41 28 
17 41 29 
17 41 29 31 
17 41 31 
17 41 43 
17 41 43 12 
17 41 43 12 31 
17 41 43 31 
17 41 59 
17 41 59 12 
17 43 
17 43 12 
17 43 12 15 
17 43 12 28 
17 43 12 28 31 
17 43 12 29 
17 43 12 29 31 
17 43 12 31 
17 43 12 31 15 
17 43 12 31 335 
17 43 12 335 
17 43 15 
17 43 27 
17 43 27 12 
17 43 27 12 29 
17 43 27 12 31 
17 43 27 29 
17 43 27 31 
17 43 28 
17 43 28 31 
17 43 29 
17 43 29 31 
17 43 31 
17 43 31 15 
17 43 31 335 
17 43 335 
17 43 59 
17 43 59 12 
17 43 59 12 31 
17 43 59 31 
17 437 
17 437 12 
17 437 12 29 
17 437 12 29 31 
17 437 12 31 
17 437 24 
17 437 24 12 
17 437 27 
17 437 27 12 
17 437 29 
17 437 29 31 
17 437 31 
17 437 43 
17 437 43 12 
17 437 43 12 31 
17 437 43 31 
17 441 
17 441 12 
17 441 12 15 
17 441 12 28 
17 441 12 28 31 
17 441 12 29 
17 441 12 29 31 
17 441 12 29 335 
17 441 12 31 
17 441 12 31 15 
17 441 12 31 335 
17 441 12 335 
17 441 15 
17 441 25 
17 441 25 12 
17 441 27 
17 441 27 12 
17 441 27 12 31 
17 441 27 31 
17 441 28 
17 441 28 31 
17 441 29 
17 441 29 31 
17 441 29 335 
17 441 31 
17 441 31 15 
17 441 31 335 
17 441 335 
17 441 41 
17 441 41 12 
17 441 43 
17 441 43 12 
17 441 43 12 31 
17 441 43 12 31 335 
17 441 43 12 335 
17 441 43 31 
17 441 43 31 335 
17 441 43 335 
17 59 
17 59 12 
17 59 12 29 
17 59 12 29 31 
17 59 12 31 
17 59 29 
17 59 29 31 
17 59 31 
17 63 
17 66 
17 66 12 
17 66 12 29 
17 66 12 29 31 
17 66 12 31 
17 66 21 
17 66 21 12 
17 66 21 12 31 
17 66 21 31 
17 66 24 
17 66 24 12 
17 66 27 
17 66 27 12 
17 66 29 
17 66 29 31 
17 66 31 
17 66 43 
17 66 43 12 
17 66 43 31 
17 8 
17 8 12 
17 8 12 29 
17 8 12 31 
17 8 29 
17 8 31 
17 8 43 
17 8 43 12 
18
18 12 
18 12 14 
18 12 15 
18 12 15 335 
18 12 28 
18 12 28 15 
18 12 28 29 
18 12 28 29 31 
18 12 28 31 
18 12 28 31 15 
18 12 28 335 
18 12 29 
18 12 29 15 
18 12 29 31 
18 12 29 31 15 
18 12 29 31 335 
18 12 29 335 
18 12 31 
18 12 31 15 
18 12 31 335 
18 12 335 
18 12 63 
18 14 
18 15 
18 15 335 
18 21 
18 21 12 
18 21 12 15 
18 21 12 28 
18 21 12 28 31 
18 21 12 29 
18 21 12 29 15 
18 21 12 29 31 
18 21 12 31 
18 21 12 31 15 
18 21 12 31 335 
18 21 12 335 
18 21 15 
18 21 24 
18 21 24 12 
18 21 24 12 29 
18 21 24 12 31 
18 21 24 27 
18 21 24 27 12 
18 21 24 29 
18 21 24 31 
18 21 24 8 
18 21 24 8 12 
18 21 25 
18 21 25 12 
18 21 27 
18 21 27 12 
18 21 27 12 15 
18 21 27 12 28 
18 21 27 12 29 
18 21 27 12 29 31 
18 21 27 12 31 
18 21 27 15 
18 21 27 28 
18 21 27 29 
18 21 27 29 31 
18 21 27 31 
18 21 27 43 
18 21 27 43 12 
18 21 27 43 12 31 
18 21 27 43 31 
18 21 28 
18 21 28 31 
18 21 29 
18 21 29 15 
18 21 29 31 
18 21 31 
18 21 31 15 
18 21 31 335 
18 21 335 
18 21 41 
18 21 41 12 
18 21 41 12 31 
18 21 41 27 
18 21 41 27 12 
18 21 41 31 
18 21 43 
18 21 43 12 
18 21 43 12 29 
18 21 43 12 29 31 
18 21 43 12 31 
18 21 43 29 
18 21 43 29 31 
18 21 43 31 
18 21 437 
18 21 437 12 
18 21 437 12 31 
18 21 437 27 
18 21 437 27 12 
18 21 437 31 
18 21 441 
18 21 441 12 
18 21 441 12 29 
18 21 441 12 31 
18 21 441 12 335 
18 21 441 27 
18 21 441 27 12 
18 21 441 29 
18 21 441 31 
18 21 441 335 
18 21 59 
18 21 59 12 
18 21 59 12 31 
18 21 59 31 
18 21 8 
18 21 8 12 
18 22 
18 22 12 
18 22 12 31 
18 22 31 
18 24 
18 24 12 
18 24 12 15 
18 24 12 28 
18 24 12 28 31 
18 24 12 29 
18 24 12 29 31 
18 24 12 31 
18 24 12 31 15 
18 24 12 335 
18 24 15 
18 24 25 
18 24 25 12 
18 24 27 
18 24 27 12 
18 24 27 12 31 
18 24 27 31 
18 24 28 
18 24 28 31 
18 24 29 
18 24 29 31 
18 24 31 
18 24 31 15 
18 24 335 
18 24 41 
18 24 41 12 
18 24 43 
18 24 43 12 
18 24 43 12 31 
18 24 43 31 
18 24 441 
18 24 441 12 
18 24 441 12 31 
18 24 441 31 
18 24 8 
18 24 8 12 
18 24 8 12 29 
18 24 8 12 31 
18 24 8 29 
18 24 8 31 
18 25 
18 25 12 
18 25 12 15 
18 25 12 28 
18 25 12 29 
18 25 12 31 
18 25 15 
18 25 28 
18 25 29 
18 25 31 
18 25 43 
18 25 43 12 
18 27 
18 27 12 
18 27 12 15 
18 27 12 28 
18 27 12 28 31 
18 27 12 29 
18 27 12 29 31 
18 27 12 31 
18 27 12 31 15 
18 27 12 335 
18 27 15 
18 27 28 
18 27 28 31 
18 27 29 
18 27 29 31 
18 27 31 
18 27 31 15 
18 27 335 
18 27 43 
18 27 43 12 
18 27 43 12 29 
18 27 43 12 31 
18 27 43 29 
18 27 43 31 
18 28 
18 28 15 
18 28 29 
18 28 29 31 
18 28 31 
18 28 31 15 
18 28 335 
18 29 
18 29 15 
18 29 31 
18 29 31 15 
18 29 31 335 
18 29 335 
18 307 
18 307 12 
18 31 
18 31 15 
18 31 335 
18 335 
18 41 
18 41 12 
18 41 12 15 
18 41 12 28 
18 41 12 29 
18 41 12 29 31 
18 41 12 31 
18 41 15 
18 41 27 
18 41 27 12 
18 41 27 12 31 
18 41 27 31 
18 41 28 
18 41 29 
18 41 29 31 
18 41 31 
18 41 43 
18 41 43 12 
18 41 43 12 31 
18 41 43 31 
18 41 59 
18 41 59 12 
18 43 
18 43 12 
18 43 12 15 
18 43 12 28 
18 43 12 28 31 
18 43 12 29 
18 43 12 29 31 
18 43 12 31 
18 43 12 31 15 
18 43 12 31 335 
18 43 12 335 
18 43 15 
18 43 27 
18 43 27 12 
18 43 27 12 29 
18 43 27 12 31 
18 43 27 29 
18 43 27 31 
18 43 28 
18 43 28 31 
18 43 29 
18 43 29 31 
18 43 31 
18 43 31 15 
18 43 31 335 
18 43 335 
18 43 59 
18 43 59 12 
18 43 59 12 31 
18 43 59 31 
18 437 
18 437 12 
18 437 12 29 
18 437 12 29 31 
18 437 12 31 
18 437 24 
18 437 24 12 
18 437 27 
18 437 27 12 
18 437 29 
18 437 29 31 
18 437 31 
18 437 43 
18 437 43 12 
18 437 43 12 31 
18 437 43 31 
18 441 
18 441 12 
18 441 12 15 
18 441 12 28 
18 441 12 28 31 
18 441 12 29 
18 441 12 29 31 
18 441 12 29 335 
18 441 12 31 
18 441 12 31 15 
18 441 12 31 335 
18 441 12 335 
18 441 15 
18 441 25 
18 441 25 12 
18 441 27 
18 441 27 12 
18 441 27 12 31 
18 441 27 31 
18 441 28 
18 441 28 31 
18 441 29 
18 441 29 31 
18 441 29 335 
18 441 31 
18 441 31 15 
18 441 31 335 
18 441 335 
18 441 41 
18 441 41 12 
18 441 43 
18 441 43 12 
18 441 43 12 31 
18 441 43 12 31 335 
18 441 43 12 335 
18 441 43 31 
18 441 43 31 335 
18 441 43 335 
18 59 
18 59 12 
18 59 12 29 
18 59 12 29 31 
18 59 12 31 
18 59 29 
18 59 29 31 
18 59 31 
18 63 
18 66 
18 66 12 
18 66 12 29 
18 66 12 29 31 
18 66 12 31 
18 66 21 
18 66 21 12 
18 66 21 12 31 
18 66 21 31 
18 66 24 
18 66 24 12 
18 66 27 
18 66 27 12 
18 66 29 
18 66 29 31 
18 66 31 
18 66 43 
18 66 43 12 
18 8 
18 8 12 
18 8 12 29 
18 8 12 31 
18 8 29 
18 8 31 
18 8 43 
18 8 43 12 
21
21 12 
21 12 15 
21 12 28 
21 12 28 31 
21 12 29 
21 12 29 15 
21 12 29 31 
21 12 31 
21 12 31 15 
21 12 31 335 
21 12 335 
21 15 
21 24 
21 24 12 
21 24 12 29 
21 24 12 31 
21 24 27 
21 24 27 12 
21 24 29 
21 24 31 
21 24 8 
21 24 8 12 
21 25 
21 25 12 
21 27 
21 27 12 
21 27 12 15 
21 27 12 28 
21 27 12 29 
21 27 12 29 31 
21 27 12 31 
21 27 15 
21 27 28 
21 27 29 
21 27 29 31 
21 27 31 
21 27 43 
21 27 43 12 
21 27 43 12 31 
21 27 43 31 
21 28 
21 28 31 
21 29 
21 29 15 
21 29 31 
21 31 
21 31 15 
21 31 335 
21 335 
21 41 
21 41 12 
21 41 12 29 
21 41 12 31 
21 41 27 
21 41 27 12 
21 41 29 
21 41 31 
21 43 
21 43 12 
21 43 12 29 
21 43 12 29 31 
21 43 12 31 
21 43 29 
21 43 29 31 
21 43 31 
21 437 
21 437 12 
21 437 12 31 
21 437 27 
21 437 27 12 
21 437 31 
21 441 
21 441 12 
21 441 12 29 
21 441 12 31 
21 441 12 335 
21 441 27 
21 441 27 12 
21 441 29 
21 441 31 
21 441 335 
21 59 
21 59 12 
21 59 12 31 
21 59 31 
21 8 
21 8 12 
22
22 12 
22 12 31 
22 31 
24
24 12 
24 12 15 
24 12 28 
24 12 28 31 
24 12 29 
24 12 29 31 
24 12 31 
24 12 31 15 
24 12 335 
24 15 
24 25 
24 25 12 
24 27 
24 27 12 
24 27 12 31 
24 27 31 
24 28 
24 28 31 
24 29 
24 29 31 
24 31 
24 31 15 
24 335 
24 41 
24 41 12 
24 41 31 
24 43 
24 43 12 
24 43 12 29 
24 43 12 31 
24 43 29 
24 43 31 
24 441 
24 441 12 
24 441 12 31 
24 441 31 
24 8 
24 8 12 
24 8 12 29 
24 8 12 31 
24 8 29 
24 8 31 
24 8 43 
25
25 12 
25 12 15 
25 12 28 
25 12 29 
25 12 31 
25 15 
25 28 
25 29 
25 31 
25 43 
25 43 12 
27
27 12 
27 12 15 
27 12 28 
27 12 28 31 
27 12 29 
27 12 29 31 
27 12 31 
27 12 31 15 
27 12 335 
27 15 
27 28 
27 28 31 
27 29 
27 29 31 
27 31 
27 31 15 
27 335 
27 43 
27 43 12 
27 43 12 29 
27 43 12 31 
27 43 29 
27 43 31 
28
28 15 
28 29 
28 29 31 
28 31 
28 31 15 
28 335 
29
29 15 
29 31 
29 31 15 
29 31 335 
29 335 
307
307 12 
31
31 15 
31 335 
335
41
41 12 
41 12 15 
41 12 28 
41 12 29 
41 12 29 31 
41 12 31 
41 15 
41 27 
41 27 12 
41 27 12 31 
41 27 31 
41 28 
41 29 
41 29 31 
41 31 
41 43 
41 43 12 
41 43 12 31 
41 43 31 
41 59 
41 59 12 
416
416 12 
416 12 29 
416 12 31 
416 12 335 
416 17 
416 17 12 
416 17 12 29 
416 17 12 31 
416 17 12 335 
416 17 18 
416 17 18 12 
416 17 18 12 29 
416 17 18 12 31 
416 17 18 12 335 
416 17 18 21 
416 17 18 21 12 
416 17 18 29 
416 17 18 31 
416 17 18 335 
416 17 18 43 
416 17 18 43 12 
416 17 21 
416 17 21 12 
416 17 29 
416 17 31 
416 17 335 
416 17 43 
416 17 43 12 
416 18 
416 18 12 
416 18 12 29 
416 18 12 31 
416 18 12 335 
416 18 21 
416 18 21 12 
416 18 29 
416 18 31 
416 18 335 
416 18 43 
416 18 43 12 
416 21 
416 21 12 
416 29 
416 31 
416 335 
416 43 
416 43 12 
43
43 12 
43 12 15 
43 12 28 
43 12 28 31 
43 12 29 
43 12 29 31 
43 12 31 
43 12 31 15 
43 12 31 335 
43 12 335 
43 15 
43 27 
43 27 12 
43 27 12 29 
43 27 12 31 
43 27 29 
43 27 31 
43 28 
43 28 31 
43 29 
43 29 31 
43 31 
43 31 15 
43 31 335 
43 335 
43 59 
43 59 12 
43 59 12 31 
43 59 31 
437
437 12 
437 12 29 
437 12 29 31 
437 12 31 
437 24 
437 24 12 
437 27 
437 27 12 
437 29 
437 29 31 
437 31 
437 43 
437 43 12 
437 43 12 31 
437 43 31 
441
441 12 
441 12 15 
441 12 28 
441 12 28 31 
441 12 29 
441 12 29 31 
441 12 29 335 
441 12 31 
441 12 31 15 
441 12 31 335 
441 12 335 
441 15 
441 25 
441 25 12 
441 27 
441 27 12 
441 27 12 31 
441 27 31 
441 28 
441 28 31 
441 29 
441 29 31 
441 29 335 
441 31 
441 31 15 
441 31 335 
441 335 
441 41 
441 41 12 
441 43 
441 43 12 
441 43 12 31 
441 43 12 31 335 
441 43 12 335 
441 43 31 
441 43 31 335 
441 43 335 
59
59 12 
59 12 29 
59 12 29 31 
59 12 31 
59 29 
59 29 31 
59 31 
63
66
66 12 
66 12 29 
66 12 29 31 
66 12 31 
66 21 
66 21 12 
66 21 12 31 
66 21 31 
66 24 
66 24 12 
66 27 
66 27 12 
66 29 
66 29 31 
66 31 
66 43 
66 43 12 
66 43 31 
8
8 12 
8 12 29 
8 12 31 
8 29 
8 31 
8 43 
8 43 12 
