1 17 	469374
1 17 12 	468888
1 17 12 31 	451692
1 17 18 12 31 	450944
1 17 18 31 	451124
1 17 31 	452022
12 	339601
12 15 	272399
12 28 31 	256319
12 29 	298680
12 29 15 31 	450364
12 29 31 	279263
12 31 	317536
12 31 15 	256994
15 	272918
16 	332414
16 1 17 	461762
16 1 17 12 	461474
16 1 17 12 31 	445492
16 1 17 18 12 31 	444748
16 1 17 18 31 	444916
16 1 17 31 	445704
16 12 	332165
16 12 15 	266842
16 12 29 	291738
16 12 29 15 31 	442642
16 12 29 31 	274039
16 12 31 	312009
16 15 	267037
16 17 	332382
16 17 12 	332133
16 17 12 15 	266811
16 17 12 29 	291706
16 17 12 29 15 31 	442592
16 17 12 29 31 	274013
16 17 12 31 	311983
16 17 15 	267006
16 17 18 	331616
16 17 18 12 	331458
16 17 18 12 15 	266252
16 17 18 12 29 	291072
16 17 18 12 29 15 31 	441678
16 17 18 12 29 31 	273474
16 17 18 12 31 	311411
16 17 18 15 	266356
16 17 18 21 	294632
16 17 18 21 12 	294486
16 17 18 21 12 15 31 	451428
16 17 18 21 12 28 	458024
16 17 18 21 12 29 	261226
16 17 18 21 12 31 	278055
16 17 18 21 15 31 	451582
16 17 18 21 27 	266033
16 17 18 21 27 12 	265921
16 17 18 21 27 43 	457050
16 17 18 21 27 43 12 	456846
16 17 18 21 27 43 12 31 	432796
16 17 18 21 27 43 31 	432964
16 17 18 21 29 	261358
16 17 18 21 31 	278176
16 17 18 24 	267233
16 17 18 24 12 	267105
16 17 18 24 12 28 	425116
16 17 18 24 8 	461164
16 17 18 24 8 12 	460940
16 17 18 27 	277355
16 17 18 27 12 	277238
16 17 18 27 12 31 	261521
16 17 18 27 31 	261618
16 17 18 27 43 	475734
16 17 18 27 43 12 	475522
16 17 18 28 	262550
16 17 18 28 12 	262454
16 17 18 29 	291213
16 17 18 29 15 31 	441830
16 17 18 29 31 	273591
16 17 18 31 	311543
16 17 18 41 	258908
16 17 18 41 12 	258829
16 17 18 43 	284559
16 17 18 43 12 	284419
16 17 18 43 12 31 	267795
16 17 18 43 31 	267911
16 17 21 	295320
16 17 21 12 	295103
16 17 21 12 15 31 	452310
16 17 21 12 28 	459192
16 17 21 12 29 	261808
16 17 21 12 31 	278578
16 17 21 15 31 	452574
16 17 21 27 	266596
16 17 21 27 12 	266424
16 17 21 27 43 	457984
16 17 21 27 43 12 	457680
16 17 21 27 43 12 31 	433494
16 17 21 27 43 31 	433740
16 17 21 29 	262003
16 17 21 31 	278754
16 17 24 	267864
16 17 24 12 	267667
16 17 24 12 28 	426182
16 17 24 8 	462246
16 17 24 8 12 	461890
16 17 27 	277935
16 17 27 12 	277757
16 17 27 12 31 	261953
16 17 27 31 	262096
16 17 27 43 	476700
16 17 27 43 12 	476386
16 17 28 	263256
16 17 28 12 	263092
16 17 29 	291926
16 17 29 15 31 	442854
16 17 29 31 	274185
16 17 31 	312178
16 17 41 	259482
16 17 41 12 	259352
16 17 43 	285190
16 17 43 12 	284974
16 17 43 12 31 	268271
16 17 43 31 	268439
16 18 	331648
16 18 12 	331490
16 18 12 15 	266283
16 18 12 29 	291104
16 18 12 29 15 31 	441728
16 18 12 29 31 	273500
16 18 12 31 	311437
16 18 15 	266387
16 18 21 	294663
16 18 21 12 	294517
16 18 21 12 15 31 	451476
16 18 21 12 28 	458078
16 18 21 12 29 	261257
16 18 21 12 31 	278080
16 18 21 15 31 	451630
16 18 21 27 	266061
16 18 21 27 12 	265949
16 18 21 27 43 	457102
16 18 21 27 43 12 	456898
16 18 21 27 43 12 31 	432838
16 18 21 27 43 31 	433006
16 18 21 29 	261389
16 18 21 31 	278201
16 18 24 	267256
16 18 24 12 	267128
16 18 24 12 28 	425158
16 18 24 8 	461204
16 18 24 8 12 	460980
16 18 27 	277383
16 18 27 12 	277266
16 18 27 12 31 	261543
16 18 27 31 	261640
16 18 27 43 	475786
16 18 27 43 12 	475574
16 18 28 	262578
16 18 28 12 	262482
16 18 29 	291245
16 18 29 15 31 	441880
16 18 29 31 	273617
16 18 31 	311569
16 18 41 	258933
16 18 41 12 	258854
16 18 43 	284589
16 18 43 12 	284449
16 18 43 12 31 	267820
16 18 43 31 	267936
16 21 	295351
16 21 12 	295134
16 21 12 15 31 	452358
16 21 12 28 	459246
16 21 12 29 	261839
16 21 12 31 	278603
16 21 15 31 	452622
16 21 27 	266624
16 21 27 12 	266452
16 21 27 43 	458036
16 21 27 43 12 	457732
16 21 27 43 12 31 	433536
16 21 27 43 31 	433782
16 21 29 	262034
16 21 31 	278779
16 24 	267887
16 24 12 	267690
16 24 12 28 	426224
16 24 8 	462286
16 24 8 12 	461930
16 27 	277963
16 27 12 	277785
16 27 12 31 	261975
16 27 31 	262118
16 27 43 	476752
16 27 43 12 	476438
16 28 	263284
16 28 12 	263120
16 29 	291958
16 29 15 31 	442904
16 29 31 	274211
16 31 	312204
16 41 	259507
16 41 12 	259377
16 43 	285220
16 43 12 	285004
16 43 12 31 	268296
16 43 31 	268464
17 	340151
17 12 	339569
17 12 15 	272368
17 12 28 31 	256296
17 12 29 	298648
17 12 29 15 31 	450314
17 12 29 31 	279237
17 12 31 	317510
17 12 31 15 	256969
17 15 	272887
17 18 	339063
17 18 12 	338889
17 18 12 15 	271806
17 18 12 28 31 	255751
17 18 12 29 	298009
17 18 12 29 15 31 	449396
17 18 12 29 31 	278694
17 18 12 31 	316934
17 18 12 31 15 	256481
17 18 15 	271917
17 18 21 	301447
17 18 21 12 	301286
17 18 21 12 15 31 	458948
17 18 21 12 28 	470902
17 18 21 12 29 	267594
17 18 21 12 31 	283177
17 18 21 15 31 	459108
17 18 21 27 	271587
17 18 21 27 12 	271464
17 18 21 27 12 31 	255525
17 18 21 27 31 	255625
17 18 21 27 43 	465874
17 18 21 27 43 12 	465652
17 18 21 27 43 12 31 	439380
17 18 21 27 43 31 	439560
17 18 21 29 	267741
17 18 21 31 	283309
17 18 21 43 	257574
17 18 21 43 12 	257433
17 18 24 	273310
17 18 24 12 	273170
17 18 24 12 28 	436628
17 18 24 12 31 	256242
17 18 24 31 	256356
17 18 24 8 	471454
17 18 24 8 12 	471208
17 18 24 8 12 31 	442420
17 18 24 8 31 	442620
17 18 25 	257476
17 18 25 12 	257332
17 18 27 	283158
17 18 27 12 	283029
17 18 27 12 31 	265796
17 18 27 31 	265901
17 18 27 43 	484856
17 18 27 43 12 	484624
17 18 27 43 12 29 	426092
17 18 27 43 29 	426292
17 18 28 	269601
17 18 28 12 	269494
17 18 28 31 	255845
17 18 29 	298165
17 18 29 15 31 	449554
17 18 29 31 	278822
17 18 31 	317077
17 18 31 15 	256569
17 18 41 	263771
17 18 41 12 	263686
17 18 43 	290463
17 18 43 12 	290311
17 18 43 12 15 31 	440152
17 18 43 12 29 	255204
17 18 43 12 31 	272214
17 18 43 15 31 	440306
17 18 43 29 	255338
17 18 43 31 	272337
17 18 43 59 	437966
17 18 43 59 12 	437860
17 21 	302415
17 21 12 	301908
17 21 12 15 31 	459834
17 21 12 28 	472078
17 21 12 29 	268181
17 21 12 31 	283704
17 21 15 31 	460580
17 21 27 	272410
17 21 27 12 	271971
17 21 27 12 31 	255946
17 21 27 31 	256313
17 21 27 43 	467244
17 21 27 43 12 	466490
17 21 27 43 12 31 	440082
17 21 27 43 31 	440714
17 21 29 	268634
17 21 31 	284129
17 21 43 	258373
17 21 43 12 	257940
17 24 	274190
17 24 12 	273736
17 24 12 28 	437700
17 24 12 31 	256725
17 24 31 	257106
17 24 8 	472964
17 24 8 12 	472162
17 24 8 12 31 	443236
17 24 8 31 	443906
17 25 	258408
17 25 12 	257856
17 27 	284008
17 27 12 	283552
17 27 12 28 	444238
17 27 12 31 	266231
17 27 31 	266610
17 27 43 	486274
17 27 43 12 	485492
17 27 43 12 29 	426904
17 27 43 29 	427582
17 28 	270537
17 28 12 	270136
17 28 31 	256630
17 29 	299159
17 29 15 31 	451052
17 29 31 	279655
17 31 	317988
17 31 15 	257392
17 41 	264572
17 41 12 	264214
17 41 31 	255382
17 43 	291366
17 43 12 	290869
17 43 12 15 31 	440966
17 43 12 29 	255726
17 43 12 31 	272693
17 43 15 31 	441690
17 43 29 	256160
17 43 31 	273101
17 43 59 	438774
17 43 59 12 	438660
18 	339095
18 12 	338921
18 12 15 	271837
18 12 28 31 	255774
18 12 29 	298041
18 12 29 15 31 	449446
18 12 29 31 	278720
18 12 31 	316960
18 12 31 15 	256506
18 15 	271948
18 21 	301478
18 21 12 	301317
18 21 12 15 31 	458996
18 21 12 28 	470956
18 21 12 29 	267625
18 21 12 31 	283202
18 21 15 31 	459156
18 21 27 	271615
18 21 27 12 	271492
18 21 27 12 31 	255547
18 21 27 31 	255647
18 21 27 43 	465926
18 21 27 43 12 	465704
18 21 27 43 12 31 	439422
18 21 27 43 31 	439602
18 21 29 	267772
18 21 31 	283334
18 21 43 	257603
18 21 43 12 	257462
18 24 	273333
18 24 12 	273193
18 24 12 28 	436670
18 24 12 31 	256259
18 24 31 	256373
18 24 8 	471494
18 24 8 12 	471248
18 24 8 12 31 	442450
18 24 8 31 	442650
18 25 	257502
18 25 12 	257358
18 27 	283186
18 27 12 	283057
18 27 12 31 	265818
18 27 31 	265923
18 27 43 	484908
18 27 43 12 	484676
18 27 43 12 29 	426144
18 27 43 29 	426344
18 28 	269629
18 28 12 	269522
18 28 31 	255868
18 29 	298197
18 29 15 31 	449604
18 29 31 	278848
18 31 	317103
18 31 15 	256594
18 41 	263796
18 41 12 	263711
18 43 	290493
18 43 12 	290341
18 43 12 15 31 	440200
18 43 12 29 	255234
18 43 12 31 	272239
18 43 15 31 	440354
18 43 29 	255368
18 43 31 	272362
18 43 59 	438008
18 43 59 12 	437902
21 	302446
21 12 	301939
21 12 15 31 	459882
21 12 28 	472132
21 12 29 	268212
21 12 31 	283729
21 15 31 	460628
21 27 	272438
21 27 12 	271999
21 27 12 31 	255968
21 27 31 	256335
21 27 43 	467296
21 27 43 12 	466542
21 27 43 12 31 	440124
21 27 43 31 	440756
21 29 	268665
21 31 	284154
21 43 	258402
21 43 12 	257969
24 	274213
24 12 	273759
24 12 28 	437742
24 12 31 	256742
24 31 	257123
24 8 	473004
24 8 12 	472202
24 8 12 31 	443266
24 8 31 	443936
25 	258434
25 12 	257882
27 	284036
27 12 	283580
27 12 28 	444286
27 12 31 	266253
27 31 	266632
27 43 	486326
27 43 12 	485544
27 43 12 29 	426956
27 43 29 	427634
28 	270565
28 12 	270164
28 31 	256653
29 	299191
29 15 31 	451102
29 31 	279681
31 	318014
31 15 	257417
41 	264597
41 12 	264239
41 31 	255404
43 	291396
43 12 	290899
43 12 15 31 	441014
43 12 29 	255756
43 12 31 	272718
43 15 31 	441738
43 29 	256190
43 31 	273126
43 59 	438816
43 59 12 	438702
